test_loss_list:[0.9452574794942682, 0.9471285167065534, 0.9484847364100543, 0.9650740189985796, 0.3637893484397368, 0.9594557244669307, 0.9421941854737022, 0.9800762209025297, 0.3956613466143608, 0.35474941811778327]
test_acc_list:[0.9046875, 0.9089488636363636, 0.899715909090909, 0.898153409090909, 0.9394886363636363, 0.9161931818181818, 0.9018465909090909, 0.9133522727272727, 0.9303977272727273, 0.9595170454545454]
