test_loss_list:[1.553341083748396, 1.2247206540334792, 1.676225847668118, 1.191715731853392, 0.708048597403935, 1.1250781432176247, 1.252913582892645, 1.1735850978981366, 0.6134635702687867, 0.780082837988933]
test_acc_list:[0.6324750830564785, 0.7710362554112554, 0.5286651234567901, 0.8008130081300814, 0.840728021978022, 0.8619308134394341, 0.7888845755693582, 0.8197864057239058, 0.883406771799629, 0.818359375]
