test_loss_list:[1.2959081557664005, 1.112498013869576, 1.2102473490947, 1.2475002041229835, 0.5099922483031815, 1.0964637714989331, 1.188121531254206, 1.596193956832091, 0.9895494706702955, 0.6298637383795799]
test_acc_list:[0.7670454545454546, 0.8362771739130435, 0.8116554054054054, 0.8037660256410256, 0.8817567567567568, 0.8596938775510204, 0.780448717948718, 0.6303530092592592, 0.7404692082111436, 0.8617532733224222]
