test_loss_list:[0.8793089985847473, 0.9315440654754639, 1.3557902574539185, 1.0214210748672485, 0.970006494058503, 0.9749348560969034, 1.0095943212509155, 1.0341875404119492, 0.9601130214604464, 0.9638744571825841]
test_acc_list:[0.9243055555555556, 0.9375, 0.6, 0.875, 0.898520171957672, 0.8964710884353742, 0.8666666666666667, 0.8984375, 0.9067045454545455, 0.8986301527419949]
